r_100_75_2
100
 41  23   0  27   0  71  56   0   2  60  66  20   0   0  32  34  95  21  97  77  22  39  51  37  34   0   0  14  21  55   0  70  47   0   0   4   1   0   0  46  67  51  70  19  60  38   6  39  66  55   0  41  14  60  79  45   0   0  61  32  14  13  49  24  49  16  62  61   0   0  88  30  36  41  56   0   0  41  36   0  31   0  20   0  40  59  28   0  52  94  22  62  66  22  91  25  59  42  52   0 
 83   0  36   0  69   0  61  66  63   0  82   0  98  16  66  23  99  69  75  64  93  88  13  37  85  21  17   0  65   0   0  64   5  22  41  95  43   0  14  90  29  12  72  77  23  23  68  99  27  99  47  51  55  96   0  58  57  69   0  36  19   0  25  50  51  36   0   0  92   6   0  71  21  44   0   5  22   6  42  66  18   0   0  26  73  55   0  67   0  69  66  19  10   0   0  54   3  80   0 
 66  40  12  41   2  60   0  55  42   0   0  51   0  55  99  33  29  93  34  50  44   0   0  97   0   0  80  41  95  38  31  61  78   0  23  92  65   0   0  25  14  47   3   0   0   0   2   0  81   0  19   0  15  38  72   0  19  84  96  32  16  68  46   0  77   0   0  27   0   0  11  28  73  26  27  89  18  31  86  58   0  78  88   0  89  90   0   0  78  80   0  44  14   0  91   0   0  83 
 97  87  74  77  21  99  44   0  94   4   0   0   0  67  53   0  93  25   3  21  70  14  24 100  53  70  12   0  93  56   0  39  64  67   0   2  39   0  43  71  42  77  35  33   2   5  34   1   0  96   0   0  78  44  30  78  60   0  68  56  36  15  73  64  84  14  46  91  96   0  79   0  34  55   0  37  42  42  29   1  24  95  75  74  28  18  72  53  69  70  60  18   0  20  32  99  54 
  0   0  95   6  56  53  72   0  16  18   0   2   0   1  53  48  34  48  17  57   0   0  31  16   0   0  31  52   0  22  31  28   0  52  14  88   0  77  52  60  94   0  94   0  88  32  75   1  66   0  54  62  84  21  99  72   4  76  35   0  83   5  18  58   0  60  78  90  62  86   0   0  68  11  86  49  24   3  29   3  12   6   3  94  49  74  99   0  33  68   0  69  41  53  22   7 
 50  90  29  41  58  74  24  62  75   0  77  22  23  25  49  97  91   0  94  88  33  67  64  27   0  78  81  80  45   0   8   0   0  53  47  85  67   7   0  69  41  93  60   0   9  85   0  58  88  62   0   0  13  58  32   7   0  80  40   0  15   0  35   0  18  53  80  57   0  43  55   0  13  50   0  87  96  31  73  90   0  20   6  38  17  85  58  53  47  38   0  49   0  52   0 
 61  97 100  78  88  15  99  49  50  10  76  71  66  34  38  22  53   0  38  40  73  69  37  97  18  20  61  56  73  13  77  83  87  76  56  78  91   2  67   9   0  16   1   7  52  20  24   0  97  16  69   0  12  51  97  87  25   0  34  42  29   0  69  64  19  30  78  31  97  37  29  49  70   0   0  39  29  96   0  32  94  58  12  31   0  34   6   9  46   0  93  63   7   0 
 32  95  68  79   0  71  51   8   2  12  11  22   4  35   0  59   0   0  82  81  59  88  67   0  22  72  77  23  67   0   8   2  95   0  36  55  97   8  85   0  54  86  55   0   0  40   0  55  71   0  52  37  42   0  15  92  59   0  35  94  29  65  36  51  74  14   0   0  20  11   0  87  21   0   0   1  60  52  71  61 100   0   2  93   0  45   7  63  72  76  91  73  66 
 56   0   0  27  21   8  72  23  24  65  17   0  64  19  30   0  89  44  28   0  82  60   0  87   0  24  70  52   0   0  93  45  81  88  30   0   7  15  83   7   0   0  69   5   0  50  37   1  27   0  82  69   0   0   0  39  70  96  87  78  10  24  73   0   0  94  40   0  96  47  28  34   0   0  10  14   0  13   0  50  68  18  42  37  86   0  52  11  95   0  22  82 
 60  31  77  42  52   0  10  23  77   0   9  48   9   0  13  81  12   7  49   0  70  75   0   0  40  58  44  44  46   0  26   0  98  93  44   0  72   0   0   0  79  84  87  68  47  84   0  18  66 100  81 100  89   0   0  58  26   0  10  35   0  42  82   0  50  96  15  28  96  75   0  90  55   5  12  27  65  43   9  80  28  77   0   4   0  36  56  93  69  30  90 
  0  49  30  86  72   0  95  64   8  55  31  77  76   0  68   0   0  11  45  22  52  86  27  78  73   0  30  90  42   4   0  61   0  52  31  85 100   0  43  47   8   0   0  13  53  86  31  45   0  70  70  27  63  43   0   4  11  88  92  59  48  21  38  88  73  51  17   0  85  38   0  40  10  43  86   0  10   8  35   0  74   0  82  40  98  97  77  18  40  39 
 38  16  58  42  98  66  43   0  82  47  90   0   0   0  72   0   0 100  76  98   0  40  71  79   0  38  60  55   3   6  65  42   9   0  83  32  56  41  78  51  14   0  73  98  22  68   3   0  54  83  55  30  86  14   6  95   0  46  68   0   0  50  44   0  28  10  39  80  11  49   0  71  69  77  13  81  55  82  99  31   0   0   0  52   0  67  46  82  27 
  0  42  11  20  36   0   0  16  80 100   6  99   0  17  85  40  75   0   0   0   0  65   0  27  81   0  45   0  42  53  92   0  21  83   4   0  37  74  17  60  43  23  62  74   0  26  82  28  16  69   0   0  68  97  21  98  39  32   7  49  75  97  33   2  67  49  72  26  57   0  67  61  68   5  97   0  90  32  27   0  24   0   0  36  45   1  36  38 
  0  39  11   0   0  87  99   5   0  59  12   0  10  60  59  67  89  37   0  53   0  19  15   0  79  34  51   0  57   0  23   0   0  53  38  59  32  56   0  29  89  31   0   0  34   0  23  98  55   0   6  25  64   0  18  34  95  98  55  28  98   8   0  64   8   0   0  66  23  93  40  97   0  15  41   0  85  61  51   0  60  70  85   3  93  94  59 
 49  73   0  10  26  62  63   0  50  31   0   0  87  62  46  99  51  27   8  59   8  68  48  99  68  19  59  72  75  21  85  41  99  17  32  82   0  82   0   0  95   7  43  71  40   0  37   0   0  90   8   6  86  32  49  12  26  91  20   0  48  26  64  89   0   0   0   2  20   4  21  15  37  77  24   0  30  67  33   0  28  68  42   6   0 100 
  0   0  72  69   2  12  15   0  76   0  93  74  76   0   0  42   0  39  56  15  64  48  95  97  94  22  41  63  29  30   0  75  81  97  40   0  32   0  55   0   0  80  90   0   0  90   0  14  52  53   0   0  66  32  72  13  14  61  30  33   7  78  75  54  15  45  29  35   9   0   0   1  38   0   0   0  29  13   1  94   0   0 100  51   0 
  0  83  54   0  40   0   1  18  94  94  71   0  95  84  24   0   0   6  65  93  84   0  82  88   0  43  70  64  47  25   0  35  76   0  61  57   0  36  14  30  42   0  75  41   0  96  98  23   0   0  57  33   0   0  52   1 100  87   0  72  81  85  68  43  79  54   0  77  71  77  14  97   0  43  45   5  28   9   0   0  28  33  87  90 
 25  95  64  85   0  82  25  51   0   0  29  83  48  24  24   0  58  12  49   0   6  52  98  13  85  79   0  28   0   0  69   0  83  51   0  61   0  59  25   0  95   9  78  99  21  12  47  60  70  55  89  14  69   0   0  63  68  27   0  43  52   3  17  25  19  33   0  16  39  43  75  15  70  91  35  20  32  74  41   0   4  59   0 
 18  88  26   8  18  44  92  29  80   0  25  24   0  42  57  15  82  66  21   0   0  30   0  76   0  84  76  73  30   0  53  22  90  94  17  72   0   3   0   0  92  40  72  97  46  59  39  61  73  73   5  81   0  53  85  39  38   0  91  50   0  79  20  64  20  97   0   0  96   4  35  58  20  48  23  71  37  87  48  15  48  40 
  0  33   8   0   0  42  27  58  16  28  20  18  32  64   5  33  98   0  28  76  36  14   0  69  20  34   0   0   0  78   0  34  87  84   5  50  91  93  34   0   0   0  36  45   0   0  67   0  39  53  83  17   0  71  81   0  92   0  67  63  35  12  94   0  62   7  82   0   0   0  64   0   0   0  25  25  69   0   0  35   4 
 82  51   3  32   0   0  58   2  86   0  33   0  66   0   5  50  43   0  26  24  74  97   0  70  67   0   0  27  77   0  17  90  73  25  82  76  70 100  40   0   0  41   3  94  95   0  11   0  49   0   2   0  39  49   0  22  10  90  78  54  61  10  84   8  46  95  75  43  75  28  72   0   0   0   2  35  74   0  93  37 
 14   0  61   3   0  62   0   8  24  21   0  32  85  89  25   0  23   4  48  12  57  77   0   0  94  83  69  75  73  41   0  33  86   0  36   0  14  50  56   0   1  93   5  85   0  36  20  94   4  15   0  62   1  16  58  61  14   0  30   0  22  55   0   3  50  75  45   0   0  49  30  27  52  63  91  69  72  32  70 
  0  10  75  60  15   0   8   0  94  62  72  52   3   0  98  37  80  89   0  86   0  68   0   0   0  96   0  47   9   0  31   2  25   9  44   0  15   0   0   0  66  93  91  20  55  77  31  38   8  38   0  43  88  67  65  51  83  15  62   9   0  24   0  25  98  59   0  99  64   0   0   0   9  12   0  38   0  26 
 38  99  86  18   0  62  98  90  42  22   0  23  33   1  55   0  53  31  87  49  75  99   0  42  26  53  16   0  10  64  62  48   0  65   0  58  69  25   0  10  25   6   0  61  33  11  35  99   0   0  64  67  16   0   0  91  51  24  23   0   0  15   0  84   0   4  86  87  19   0  10   0  80   0  38  82   0 
 56   0  33  44   0  74  42  76   0  58  14  27   0  86  44  89  26  15  24   0  51  95  91  66  36  58   0  22  18   0  19  16  27   0   0  26  46  71  33  78  35  24  54  36  86   0   0   0   0  38   0  61  99  53   0   0   0  80   0   0   7   0  36  33  14  69 100  84   0  76   1  61  60   0  52  12 
  0  51  74  67   0  43   0  46   0  90   9  60  44  78  66  55  46  20  75  64  61  60  15   0   0   5 100  64  39  64   0  36  22  41   2  29  10   0   0  55  95   0   0   0  13  87   0   0  98  31   0   0  75   0  19  81   0   0  16  65  25   0  39   0  74  55  73   0  28  81  77  85  32  16  48 
 54   5  13  80   0  43  89  91  58   6  33  22  76   0  10   6  98  76  22  61  67  51  62  73  55  39  79   0   4  80   0  20  64  60  95   2  15  41  87  43  16  28  29  63   0  95   0  91  85   0   0  35  68   0  64   0  42   0  55  56  50  40  50  75  45   0   0   0  11  58  24  71  72  88 
 63  66   0  42  90   0  53   0  67  16  32  44  46  36  96  32  68  97  38   7   0  15  39  32  84  73   0  98  73  73   0  48  64  86  49  93  10  69  89  95   0  36  86   0  27  52  82  72  39   5   0  85  68  80  22  20  18  18  85   2  49  13  98  98   0  95   0  14  24  24  46   0  47 
 31  89   0  58  59  75  56  56   0  15  84   0  73   6  27   7  48  93  77  67   0   0   0   4  18   1  40   0  83  22  19  19  59   0  74  72  48  68  47  63   0   0   0  59  51  82  87   0  37   2   0   0  27  56  93  77   0  17  82   0   0  84   0  63   0  93   3   6  14  76  36  32 
  0  66  13  98  13  64   0  72  18   0  10   0   0  14  12  43   0  87  61  10  23  91   0   0  86  85  43  46  62  63  93  20  20  30  93  57  91  75  10  24   0  27  65   0  40  20  64  77   6  27   2   4  64  45  81  28  32   0  73   0  60  37  64  60  94   0   0  95  75  51   2 
 26  44   0   4  91  29  62   0  80   0  88  20  29   6   6   0  28  52  72  81  62   7   0   0   0   0  35   0  48  30  46  32  91  10  45  65  35  76  29  55   0   0   0  95  16   0  96  45  72   0  30   0   0  42  39   0  46  40   0  17  61  81  19   0   0   6  54  15   0  51 
  0   0  52  76  87  80  78   0   0  38   0  95   2  44   0   0   5  88  30   0  39  85 100   0  55  67   4  28  92  17  69  52  57  50   0  69  28  36   0  76  79  18  91  89  79  31  17  34  99  71  63  26  55  53  95  91  12  81  17  36   0   0   0  15  82  40   0  83   8 
 16   0  57   0  84  89  83  80  16  29  60   5   6  41   6  33  21  49   0   0  77  14  75  48  21   0  20  77   0   8  76  71   0   0   0   0  71  63  72  13  89  22  55   0   0  24  26   0  31   3  17   0  40   8  91   0  32   0  86  46  85  36   0  49   9  35   0   0 
 52  35   0  20  57  59  78  56  97  77  83  29   0   0   0  92   0   0  14   0  98  84  35   0  79  11   0  92  30  49  72  16  12  24   6  14   9  55  81  98  76  32  57  84  31   0  32  68   0   0  28  18   5  47  34  68   0  41  68  88  89   0  20   0   0   4  69 
 11   0   0  62  59   0  11  90   0  34  87  86  22   0   0  66   0   0  72  66  52  82  36  60   0  91   0  42   6  30  56  58   0  39   0   0   0  18  73  47  94   0   0  81  19  86  45   0  38  74  51   0  56   0  70 100   7   0  52  99  34  66  69   0  40  44 
  0  89  89  61  53  94   0   0   0  33  28  48  59   0  75  29  85   0  12   0   0  63  50   0   0   0  64  86  88  49   1  69   0  29  42   0  56   0   0  14  48   0  35  37   0  27  96  95  31   9   4  61  24  41   3  59  33  91  56  96  11  93  28  37  11 
  0  61  85  76  61   0   0  78  10  93  65   5  44   2   0   0   1   9  20  93  33  23  86  75  50  34  28  40  77  66  16  20  28  44   0   0  34  52 100  37   0   0  25   3  73  85  89  92  98  35  29   0  74  34  78   9   0   3  20   0  45   0   0  74 
  0   5  74  65   0  56  20  41  71  45   0   0   0   0  77   0  39  90   0  79  82   0  25   0   0  22  17   5  67  94  79  52   0  26  37  17  16  82   0  62  76  91  39   0   0  76  99  72  33   0   0  30  65  21  94  77  41  35  97  56  15   0  65 
 70  41  86   0   0  78  45   0   0  99   0  57  85   0  40  34  20  56  89  66  78  13  50  21  65  71  55   3   0  60   8  84   0  23  52   0   0  93   0  17  42  73  56   0  33   0  16   0  58   0  46  52   0  87  82   0   0   0  90  56  13  51 
  0  14  45   0  21  39  66   0  54  33   2  47  96  83  61  24  36  76  24   0  10  68  44  20  48   0  72   0  50   0   0  21  39  40  56   0  89  85   0   0  86  10  31  51  53  75  27   0   7  75   0  14  96  29  58   0  85   0   3  94   0 
 79  78   0  20   0  91  19  12  87   0  81   0  40  17  13  86  92  31   0  82   0  41  83   0  28  48  14  93  61  16  10   0   0  62  12  55  77  92   0  70   0  21  90   0  57   0 100  13  85   0   0  95  46  39  46  74  63  26  73  35 
 74  55   0  57  69  24  73  18  31  19  34  96   0   0  96   0   0  86  25   0  86   0  23  78  95   0   5   0  84  12  47  49  68  67   0   0  31  93   0  75  78   0  24  17  90  59  96  96  59  68  48  80  97  56   8   0   0   0   0 
  0  54  92  56  68  26   2   0  50  15  31  99  72  69  85  44   0  98  29  69  73  71   0  64   0  12   0  91  48  41   6  68  42  93  68  50  46  43  58  84  44  94  47  90   0   0   0  30  85  28   1  56   0   9  21  85  36  70 
 99   0  36  47  42   0   0   0   0  47  29  72  24  87  15  66   0   7  30   0  74   0  40  86   0   0  49  27  42  64   0  45   8   0  71  36   0  99  30   6  36  27  64   0  60  22  44  66   0  74   0  20   9  47  96  31  89 
 89  26  58   8  38   0  88  75  91   0  98  27   0   0  14   2   0  69  17  65  33  58  95  95  37  17  23  39  23  57  53   0  70  79  33   0  54  27   2   6  99   3   0  40   0  78   0  47  54   0   0  73  27   0  43  98 
 83  81   0  11   4  70  85   9  22  52  58  52  77  83  54   0  39   0  38   0  48   0  78  28  48   6   0   0   4   0  50   0  95  31  98  45  97  68  76  67  38  96  63  45  90  24  85  66  17   0  55  38  93   0  69 
 87  62  38   0  26  45  74  78  85  15   0   0  63  38  56  57  67   0  52  58  99  61   0  89  63  80  32  73  30  35   2  80   0   0   1  57  36  21  27  27   0   0  77  67   0  54  49  33  35  14  23  20  72   5 
 54   0  51  80  35  14  24  40   0  90  69  60  68  52   0   0  64  38   4  40  98  50   0   0   0   5  22  90   0  85  19  86  25  61  45  74   0   0   8  80  41  14  95  68  37   1  79 100  25  95  51  88  17 
 69  95   0  46  91   0  61  17  79  99  75   0  72   0   0  41  77  79   0  23  95   0  15  54  43  78   0  87  86  11  91  73   3  62  66  58  81  98   2  65   0  86  61  84  42   0   0  69   0  26  32   0 
 45  19  53  16   1  16  37  75  61  93  66  67  18  55  27  26  86  40   0  94  92  68  67  69  44   0  66  18   0  79  95  89   0  67  62  74  59  40  25  56  15  43  16   0  18  58  25  38   0   0  52 
 48  18  92  78  29  20  10  14  94  40  47  43   0  98  49   0  25   0  98  73   0  55   0  97  21   0  92  19  83  41  60  15   0   0   6  53   4  91  38  41  75  66  90  81   0   0  72  86   2  23 
100  83  91   4  89  54  67  38  80  29  43  51   6   0   0   7   0   0   6  91  99  55   0   0  80   0  46  56  72  50  75  67  32   2  59  51   0  47  45  62  79  95  32  67  32   0  83   2  31 
 10   5   0  97  59   0   4  43  85  95  36  44  70  10  70  94  25  78  83  70  77   0  72  89   0   0   2   0  59  91  85   0  99  45  96  30  22  78   2  82  56  15   0   0  64  24   0  76 
  0  76   0   0  55  21  57  15  73  31   6  82   0   0  23   0  29  11   0  35  70  30  70  43  39   0  68  42   6   7  98  95  83  54  73   0  77  22  17   4  92   0  10  61  80  71   0 
 47   0  44  64  57  75  40  31  39  32  51  48  81   0   9  99  55  23  53  13  33   0  76   0   9   0   8  10   0  37  29   0  26   0   0   0  58  68  99  92   5   0  39  78   0  51 
 41   0  16  75  71  49   0   0  81  62  36  63  94   8  69  39   0  68   0  40  72  37  24   0  90  55   0  10   0  63  32  34  48   0   0  11   0  95  54   0   0   0  94   0   0 
  9  53  18  78   0   0  57   2  25  61   3   6   0   0   0   0   0  25  18   0   0  52  87  49  92  64   0  78  69   0  46   0  92   0   8   5  12  61  71  47   0 100  73   0 
 33  84  27   1  30  21   0  72  73  60   0  16   0  20  68   0  17  69  46  28  80  19   0  88   0  78   0   0 100  94   0  73   0  96   0   9  23  55  54   0  42  32  12 
 21  96   0  75  51  58  41  58  63  83  68  13  71  59  58  71   0  10  10  36  75  20   3  88   0   0  76 100   0  98   0   0  46   0  56  42   0   1  33  70   0  92 
 67   4  31  92  24  11  40  52  73  41  67  38  89  91  75   0   0  79  90   0  19   0   0  41  17   1  85  54   0  83   0   0  88  13  69   0  84  47  35  12  37 
 22   2  11   0  82   0  12  84  48  24  99   0  60  90  54 100   0  60  51  48   0  85  34  97  66  16   0  23  72  76   5  42  89   0  39   0  87  90   0  66 
 77  76  32  92   0  52  93  86   0   0  88  67  56  68  82  59  77  51  96  31  86   0  69  97  79  24  43  43   0   5  24   0  38  88   4   0  46  85   0 
  0  91  51   0  68   0  83  58  82  46  14   0  84   3  47  32  36  76  95  28   6  24   0   0  84  79   0  16   0   0   0  61  68  20  43  41  44  28 
 75  68   0  53   0  11   1  12   0  82  39   0  64   0  55  83   0   0  52   0  87   0  39  12   0  99  25  56  14  79  71   0   8   0  46  10   0 
  0  89   6   0  42   0   8  73   3  28  78  37   0  77  78  62   0  71  47  81   0  90  40  13   0  96   0  98  58   0  30   0  18  67  77   0 
 95  55  57  52  39  56   2   0   0   0  57   0  19  13  46  43  83   0  94  94   0  40  27   0   0   5   0  17  98   0   0  45   0   0  28 
 45  22  81  13  48  91  24  64  78  49  53  41  79  94  98  21  81   0  19  96  46  57  31  98  43  69  43  40  23  94  63  81   0   2 
 74  21   7  24  50  86  94  57  66  19 100   0   3   0  89   0  47  14   0  70  25  81  75  22   0  68  72  17  95  48  78  46   0 
 81  39   4  58  90  58  17  59   0   5   0  75  75  62  74  74   0   0  88  90  45  24  95   0  83   0  93  43  43   6  71  18 
  0   0  22   4  83  71  27   7  18  90   0  41   8  72 100   7   0  95  95   0   0  71  61  51   0  65   0   0  94  17  18 
 38  14  32  81  75  45  49   6   0   0  45   0   0  76  35  87   0  89  58   1  79  50  45  66  56  59  75   0  82  74 
 86   0  27   0  23  88  38   8  76  56  71  91   0  46  88  38  52   0  42   0   7  41  58 100   0   0   0  90  21 
 84  65   0   4   0  46   0   0   0  99  22   0   0  63  62  77  68   0  31   0   0   0  91  61  19   5  80  39 
 41  76   0   0   0  66  77  15  65  45  79   0   0   0  31  85  44  60   0   0  37  38  82  30  32  42   0 
  0  42   7  75  64   8  60   4  97  65   0  88   0  29  92  52  57  45  92  49   0  62   3  97  61   0 
 55  46  76  90  16   0   0   0  77  88  77  71  23   0  19  36  72  39  45  90   0  47  50  98   6 
 87  97   0   0   0  45   0  29  12  48  61  82  54  97  63  80  64  67  50  49   0   6  86  96 
 43   0   0  51   0  84  32  57  32  48  71   0  59  42  47  80   0 100  97  97   0  93  99 
 50  79   0  26  23  14   3  93   0  43   0   0   0   0  27   0   0  76   0  65   4   0 
 83   0   0  79   0  39  59  92  71  48  80  92   3   0  14  28  56  95   0  72  26 
  0   0  54  19  32  28   0  38   0  15   7  28  70   0  19  95   0  62  69  26 
  0  22   0   0   0  15  48  39   0  11  63   0   0  92 100   4   0   0  38 
 52  51  26  33 100   9   0  20  50  45   0   0  97  99   5   0  15  96 
  9  59  74  67  13  18   0   0  16  30  81  37  68  54  70  57  42 
 22  75 100   0  19  30  96  35   0  99   8  40  70  43   0  77 
  0  44  88  26  91  50   3  54   0  79   0  61  59   0  42 
 20  44  64   0  10  63   0   0   0  72  52  74 100  54 
  0   3  94  11   1   0   0  25  54  74  98   0  84 
 32  57   0   2   7   0  40  80  66  50  19   0 
  0  43  53   0   0  28  61  31   9  38  51 
  0   6   0  19  61  93  79   0  91  58 
 11  73  97  78  98  58  68   0  43 
  0   0  36   0   0  76  40   1 
  0  78  65  77   8   0   0 
 10  31   0   1   0  87 
 21  14  92   0  58 
 89  77  64  50 
  0  21   4 
 39  87 
 50 

0
1346
 33  25   3  10  47  39  26   6  21  43   3  33  50  18  25   8  38  36  50  23  39  44  47  44  49  50  14  40  22  34   9  22  46  37  31   3  20  14  43  23  12   2   6   7  10  28  29  39  10  40  18  43   3  33  43  38  42  41  43  16  28   8  42  37  34  37  34  42  26  41  14   2  13  29  12  35  25  28   8  38  35  32  22  36   7  33  23  50  34  17   8   9  27  10  19  24   2  48  37   3 

Comments

Density             : 75.00 %

